 790 
 779 
 513 
 398 
 604 
 141 
 803 
 570 
 268 
 855 
 138 
 283 
 994 
 147 
 433 
 553 
 216 
 500 
 691 
 952 
 237 
 517 
 171 
 346 
 716 
 718 
 847 
 840 
 654 
 836 
 56 
 444 
 616 
 921 
 842 
 572 
 414 
 997 
 494 
 682 
 204 
 985 
 966 
 550 
 132 
 399 
 104 
 700 
 252 
 147 
 4 
 841 
 665 
 527 
 540 
 733 
 245 
 387 
 573 
 899 
 223 
 982 
 695 
 191 
 903 
 889 
 116 
 318 
 238 
 610 
 0 
 794 
 595 
 318 
 344 
 79 
 70 
 800 
 131 
 674 
 948 
 135 
 515 
 965 
 662 
 55 
 698 
 259 
 794 
 623 
 158 
 370 
 605 
 205 
 913 
 861 
 446 
 29 
 179 
 36 
 640 
 531 
 830 
 587 
 202 
 527 
 19 
 624 
 327 
 150 
 298 
 275 
 286 
 165 
 592 
 300 
 573 
 642 
 560 
 719 
 266 
 70 
 89 
 223 
 628 
 355 
 84 
 74 
 384 
 615 
 463 
 376 
 499 
 645 
 316 
 701 
 172 
 335 
 677 
 852 
 485 
 327 
 479 
 123 
 492 
 72 
 424 
 417 
 714 
 984 
 137 
 332 
 406 
 226 
 556 
 34 
 581 
 992 
 461 
 318 
 608 
 924 
 46 
 459 
 569 
 362 
 512 
 94 
 697 
 189 
 946 
 183 
 516 
 425 
 306 
 360 
 849 
 82 
 778 
 564 
 418 
 915 
 248 
 825 
 493 
 804 
 859 
 427 
 149 
 672 
 97 
 109 
 596 
 143 
 568 
 518 
 506 
 80 
 612 
 203 
 269 
 910 
 386 
 137 
 687 
 45 
 497 
 537 
 479 
 627 
 453 
 898 
 542 
 701 
 723 
 388 
 506 
 934 
 815 
 7 
 959 
 912 
 116 
 907 
 55 
 684 
 425 
 913 
 764 
 389 
 117 
 385 
 299 
 855 
 522 
 987 
 252 
 371 
 876 
 732 
 999 
 329 
 630 
 893 
 30 
 705 
 281 
 888 
 991 
 448 
 895 
 950 
 712 
 11 
 858 
 120 
 695 
 635 
 33 
 811 
 25 
 150 
 548 
 676 
 6 
 70 
 15 
 258 
 794 
 891 
 990 
 145 
 572 
 972 
 38 
 603 
 677 
 320 
 843 
 21 
 768 
 739 
 971 
 833 
 102 
 181 
 953 
 150 
 817 
 986 
 961 
 194 
 137 
 510 
 222 
 495 
 932 
 590 
 753 
 78 
 481 
 96 
 223 
 406 
 420 
 262 
 9 
 450 
 934 
 204 
 471 
 54 
 943 
 794 
 887 
 46 
 976 
 840 
 548 
 145 
 827 
 509 
 691 
 316 
 371 
 913 
 811 
 656 
 503 
 564 
 734 
 337 
 12 
 958 
 743 
 433 
 572 
 104 
 883 
 506 
 308 
 706 
 560 
 604 
 500 
 800 
 2 
 828 
 640 
 550 
 973 
 819 
 411 
 664 
 135 
 783 
 930 
 946 
 439 
 433 
 863 
 525 
 122 
 875 
 835 
 865 
 660 
 407 
 321 
 543 
 913 
 982 
 601 
 826 
 586 
 102 
 626 
 588 
 930 
 618 
 490 
 256 
 438 
 901 
 272 
 573 
 36 
 202 
 520 
 475 
 988 
 383 
 353 
 462 
 610 
 188 
 328 
 271 
 596 
 1 
 166 
 861 
 983 
 768 
 39 
 921 
 870 
 665 
 509 
 152 
 636 
 351 
 408 
 74 
 253 
 33 
 647 
 289 
 235 
 519 
 117 
 575 
 902 
 470 
 38 
 513 
 658 
 718 
 136 
 606 
 71 
 302 
 468 
 55 
 70 
 507 
 976 
 292 
 525 
 838 
 445 
 161 
 189 
 205 
 235 
 794 
 238 
 234 
 436 
 826 
 754 
 905 
 401 
 8 
 375 
 791 
 521 
 385 
 861 
 9 
 344 
 933 
 312 
 812 
 988 
 382 
 671 
 316 
 675 
 196 
 154 
 472 
 709 
 696 
 677 
 296 
 842 
 916 
 531 
 278 
 742 
 637 
 535 
 495 
 645 
 910 
 639 
 519 
 648 
 500 
 528 
 992 
 433 
 840 
 156 
 421 
 575 
 179 
 90 
 602 
 728 
 596 
 74 
 437 
 292 
 103 
 734 
 487 
 19 
 617 
 117 
 113 
 254 
 653 
 609 
 899 
 915 
 600 
 418 
 563 
 100 
 299 
 907 
 534 
 491 
 415 
 307 
 66 
 595 
 397 
 20 
 323 
 994 
 94 
 112 
 638 
 198 
 846 
 125 
 569 
 815 
 243 
 683 
 69 
 896 
 644 
 969 
 811 
 244 
 739 
 727 
 696 
 390 
 986 
 230 
 882 
 754 
 538 
 948 
 349 
 287 
 969 
 24 
 633 
 415 
 136 
 272 
 965 
 335 
 749 
 535 
 150 
 344 
 570 
 572 
 592 
 566 
 541 
 756 
 162 
 632 
 483 
 858 
 23 
 821 
 441 
 905 
 575 
 331 
 205 
 276 
 618 
 526 
 652 
 252 
 942 
 141 
 876 
 907 
 476 
 977 
 794 
 978 
 322 
 716 
 550 
 914 
 634 
 443 
 22 
 796 
 428 
 857 
 7 
 803 
 679 
 448 
 60 
 606 
 779 
 265 
 883 
 397 
 792 
 535 
 1 
 734 
 676 
 229 
 993 
 504 
 207 
 140 
 835 
 881 
 856 
 737 
 147 
 491 
 533 
 170 
 639 
 961 
 27 
 646 
 764 
 706 
 446 
 176 
 313 
 225 
 441 
 548 
 975 
 233 
 83 
 328 
 319 
 112 
 558 
 665 
 968 
 117 
 157 
 803 
 998 
 365 
 541 
 145 
 856 
 426 
 315 
 848 
 387 
 343 
 846 
 503 
 401 
 293 
 679 
 66 
 518 
 472 
 614 
 845 
 58 
 50 
 174 
 377 
 162 
 84 
 394 
 482 
 201 
 551 
 286 
 551 
 917 
 179 
 48 
 125 
 605 
 364 
 325 
 344 
 59 
 172 
 199 
 812 
 465 
 878 
 879 
 335 
 702 
 493 
 533 
 760 
 895 
 59 
 490 
 409 
 143 
 884 
 892 
 696 
 788 
 530 
 247 
 57 
 709 
 647 
 534 
 666 
 11 
 860 
 10 
 422 
 32 
 561 
 235 
 849 
 439 
 466 
 536 
 493 
 311 
 421 
 254 
 207 
 480 
 744 
 616 
 975 
 628 
 508 
 671 
 768 
 390 
 270 
 825 
 99 
 918 
 712 
 117 
 281 
 572 
 479 
 704 
 956 
 40 
 291 
 157 
 831 
 757 
 45 
 325 
 68 
 467 
 579 
 627 
 947 
 323 
 244 
 923 
 303 
 104 
 946 
 424 
 495 
 217 
 601 
 946 
 487 
 313 
 416 
 768 
 237 
 895 
 824 
 193 
 936 
 467 
 702 
 119 
 224 
 748 
 444 
 645 
 567 
 375 
 624 
 866 
 50 
 868 
 141 
 706 
 325 
 88 
 130 
 172 
 657 
 731 
 470 
 144 
 397 
 886 
 264 
 634 
 782 
 89 
 180 
 70 
 908 
 882 
 189 
 485 
 630 
 986 
 130 
 549 
 361 
 754 
 416 
 412 
 975 
 557 
 118 
 652 
 997 
 600 
 824 
 654 
 331 
 294 
 150 
 80 
 533 
 415 
 715 
 315 
 856 
 895 
 737 
 764 
 129 
 926 
 601 
 112 
 264 
 731 
 661 
 626 
 838 
 77 
 390 
 165 
 987 
 508 
 169 
 984 
 460 
 993 
 639 
 143 
 639 
 141 
 224 
 172 
 556 
 291 
 839 
 764 
 538 
 576 
 881 
 667 
 855 
 482 
 779 
 119 
 566 
 793 
 97 
 756 
 222 
 487 
 273 
 209 
 347 
 442 
 194 
 807 
 787 
 833 
 951 
 778 
 974 
 527 
 951 
 883 
 818 
 142 
 999 
 356 
 71 
 232 
 375 
 926 
 67 
 155 
 397 
 633 
 300 
 847 
 741 
 522 
 686 
 366 
 732 
 34 
 808 
 926 
 193 
 947 
 111 
 496 
 725 
 437 
 23 
 28 
 672 
 193 
 171 
 24 
 549 
 242 
 256 
 925 
 520 
 323 
 432 
 269 
 308 
 732 
 116 
 401 
 606 
 803 
 767 
 338 
 189 
 927 
 616 
 734 
 874 
 79 
 231 
 600 
 517 
 606 
 980 
 541 
 800 
 151 
 565 
 701 
 745 
 174 
 978 
 617 
 849 
 410 
 887 
 158 
 494 
 355 
 911 
 453 
 510 
 679 
