0
1
1
2
4
6
7
7
8
9
9
10
11
11
12
15
19
19
20
21
22
23
23
24
24
25
27
28
29
30
32
33
33
34
34
36
36
38
38
39
40
45
45
46
46
48
50
50
54
55
55
55
56
57
58
59
59
60
66
66
67
68
69
70
70
70
70
70
71
71
72
74
74
74
77
78
79
79
80
80
82
83
84
84
88
89
89
90
94
94
96
97
97
99
100
102
102
103
104
104
104
109
111
112
112
112
113
116
116
116
117
117
117
117
117
118
119
119
120
122
123
125
125
129
130
130
131
132
135
135
136
136
137
137
137
138
140
141
141
141
141
142
143
143
143
144
145
145
145
147
147
147
149
150
150
150
150
150
151
152
154
155
156
157
157
158
158
161
162
162
165
165
166
169
170
171
171
172
172
172
172
174
174
176
179
179
179
180
181
183
188
189
189
189
189
191
193
193
193
194
194
196
198
199
201
202
202
203
204
204
205
205
205
207
207
209
216
217
222
222
223
223
223
224
224
225
226
229
230
231
232
233
234
235
235
235
237
237
238
238
242
243
244
244
245
247
248
252
252
252
253
254
254
256
256
258
259
262
264
264
265
266
268
269
269
270
271
272
272
273
275
276
278
281
281
283
286
286
287
289
291
291
292
292
293
294
296
298
299
299
300
300
302
303
306
307
308
308
311
312
313
313
315
315
316
316
316
318
318
318
319
320
321
322
323
323
323
325
325
325
327
327
328
328
329
331
331
332
335
335
335
337
338
343
344
344
344
344
346
347
349
351
353
355
355
356
360
361
362
364
365
366
370
371
371
375
375
375
376
377
382
383
384
385
385
386
387
387
388
389
390
390
390
394
397
397
397
397
398
399
401
401
401
406
406
407
408
409
410
411
412
414
415
415
415
416
416
417
418
418
420
421
421
422
424
424
425
425
426
427
428
432
433
433
433
433
436
437
437
438
439
439
441
441
442
443
444
444
445
446
446
448
448
450
453
453
459
460
461
462
463
465
466
467
467
468
470
470
471
472
472
475
476
479
479
479
480
481
482
482
483
485
485
487
487
487
490
490
491
491
492
493
493
493
494
494
495
495
495
496
497
499
500
500
500
503
503
504
506
506
506
507
508
508
509
509
510
510
512
513
513
515
516
517
517
518
518
519
519
520
520
521
522
522
525
525
526
527
527
527
528
530
531
531
533
533
533
534
534
535
535
535
536
537
538
538
540
541
541
541
542
543
548
548
548
549
549
550
550
550
551
551
553
556
556
557
558
560
560
561
563
564
564
565
566
566
567
568
569
569
570
570
572
572
572
572
572
573
573
573
575
575
575
576
579
581
586
587
588
590
592
592
595
595
596
596
596
600
600
600
601
601
601
602
603
604
604
605
605
606
606
606
606
608
609
610
610
612
614
615
616
616
616
617
617
618
618
623
624
624
626
626
627
627
628
628
630
630
632
633
633
634
634
635
636
637
638
639
639
639
639
640
640
642
644
645
645
645
646
647
647
648
652
652
653
654
654
656
657
658
660
661
662
664
665
665
665
666
667
671
671
672
672
674
675
676
676
677
677
677
679
679
679
682
683
684
686
687
691
691
695
695
696
696
696
697
698
700
701
701
701
702
702
704
705
706
706
706
709
709
712
712
714
715
716
716
718
718
719
723
725
727
728
731
731
732
732
732
733
734
734
734
734
737
737
739
739
741
742
743
744
745
748
749
753
754
754
754
756
756
757
760
764
764
764
764
767
768
768
768
768
778
778
779
779
779
782
783
787
788
790
791
792
793
794
794
794
794
794
794
796
800
800
800
803
803
803
803
804
807
808
811
811
811
812
812
815
815
817
818
819
821
824
824
825
825
826
826
827
828
830
831
833
833
835
835
836
838
838
839
840
840
840
841
842
842
843
845
846
846
847
847
848
849
849
849
852
855
855
855
856
856
856
857
858
858
859
860
861
861
861
863
865
866
868
870
874
875
876
876
878
879
881
881
882
882
883
883
883
884
886
887
887
888
889
891
892
893
895
895
895
895
896
898
899
899
901
902
903
905
905
907
907
907
908
910
910
911
912
913
913
913
913
914
915
915
916
917
918
921
921
923
924
925
926
926
926
927
930
930
932
933
934
934
936
942
943
946
946
946
946
947
947
948
948
950
951
951
952
953
956
958
959
961
961
965
965
966
968
969
969
971
972
973
974
975
975
975
976
976
977
978
978
980
982
982
983
984
984
985
986
986
986
987
987
988
988
990
991
992
992
993
993
994
994
997
997
998
999
999
